2 0.285938 0.381250 0.309375 0.303125
1 0.792969 0.498437 0.067187 0.068750
1 0.750781 0.570312 0.064062 0.065625
1 0.634375 0.739844 0.059375 0.060937
1 0.412500 0.189062 0.056250 0.059375
1 0.514844 0.032813 0.054688 0.059375
1 0.564844 0.039062 0.045312 0.056250
1 0.334375 0.632031 0.084375 0.082812
1 0.187500 0.605469 0.093750 0.092188
1 0.266406 0.757031 0.042188 0.045312
1 0.035937 0.595313 0.021875 0.021875
1 0.810937 0.894531 0.128125 0.132812
1 0.889062 0.911719 0.018750 0.023438
1 0.989062 0.485938 0.015625 0.018750
1 0.079687 0.283594 0.065625 0.070312
1 0.950781 0.485938 0.010937 0.012500
1 0.947656 0.498437 0.014063 0.012500