1 0.300000 0.710938 0.031250 0.031250
2 0.405469 0.240625 0.189062 0.128125
1 0.444531 0.808594 0.029687 0.029687
1 0.507812 0.490625 0.034375 0.034375
1 0.607031 0.778906 0.026562 0.026562
1 0.282813 0.378125 0.028125 0.028125
1 0.468750 0.563281 0.021875 0.023438
1 0.571875 0.718750 0.021875 0.021875
1 0.630469 0.810156 0.023438 0.023438
1 0.643750 0.616406 0.021875 0.020313
1 0.681250 0.293750 0.025000 0.025000
1 0.389062 0.642188 0.025000 0.025000
1 0.328125 0.385937 0.025000 0.025000
1 0.198437 0.192969 0.028125 0.029687
1 0.693750 0.630469 0.021875 0.023438
1 0.744531 0.424219 0.014063 0.014063
1 0.647656 0.764844 0.010937 0.010937
1 0.703125 0.781250 0.009375 0.009375
1 0.337500 0.757812 0.012500 0.012500
1 0.643750 0.247656 0.025000 0.023438
1 0.626563 0.238281 0.015625 0.017188
1 0.654687 0.268750 0.018750 0.018750
1 0.656250 0.235937 0.015625 0.015625
1 0.766406 0.260156 0.017188 0.017188
1 0.766406 0.285938 0.014063 0.018750
1 0.756250 0.303906 0.018750 0.020313
1 0.745313 0.292969 0.012500 0.014063
1 0.735156 0.304688 0.010937 0.009375
1 0.550781 0.364063 0.017188 0.018750
1 0.193750 0.592187 0.018750 0.018750
1 0.728125 0.693750 0.015625 0.015625
1 0.741406 0.782813 0.029687 0.040625
1 0.524219 0.615625 0.010937 0.012500
1 0.507812 0.398438 0.009375 0.009375
1 0.661719 0.305469 0.017188 0.017188
1 0.600000 0.329688 0.009375 0.009375
1 0.419531 0.708594 0.017188 0.017188
1 0.416406 0.646094 0.023438 0.023438
1 0.342187 0.642969 0.015625 0.020313
1 0.402344 0.586719 0.020313 0.020313
1 0.263281 0.572656 0.014063 0.014063
1 0.314844 0.601562 0.017188 0.018750
1 0.335938 0.601562 0.012500 0.012500
1 0.448437 0.762500 0.018750 0.018750
1 0.440625 0.748437 0.015625 0.015625
1 0.518750 0.695312 0.015625 0.015625
1 0.787500 0.577344 0.015625 0.017188
1 0.817187 0.576562 0.009375 0.018750
1 0.803125 0.579688 0.018750 0.025000
1 0.465625 0.525000 0.025000 0.025000
1 0.478906 0.516406 0.014063 0.014063
1 0.655469 0.459375 0.014063 0.015625
1 0.628906 0.400000 0.007812 0.009375
1 0.540625 0.742969 0.009375 0.010937
1 0.478906 0.727344 0.017188 0.017188
1 0.384375 0.717187 0.012500 0.012500
1 0.270313 0.716406 0.018750 0.020313
1 0.310156 0.755469 0.014063 0.017188
1 0.500000 0.542969 0.012500 0.014063
1 0.422656 0.542969 0.010937 0.010937
1 0.688281 0.362500 0.014063 0.021875
1 0.696094 0.319531 0.010937 0.010937
1 0.680469 0.325000 0.007812 0.009375
1 0.760938 0.366406 0.009375 0.010937
1 0.707812 0.407813 0.018750 0.018750
