1 0.750781 0.781250 0.092188 0.084375
1 0.600781 0.295312 0.073438 0.071875
1 0.750000 0.321094 0.075000 0.092188
1 0.758594 0.723437 0.051562 0.053125
0 0.453125 0.600781 0.368750 0.417187
1 0.213281 0.480469 0.023438 0.023438
1 0.562500 0.785156 0.062500 0.057813
1 0.646875 0.657031 0.043750 0.060937
1 0.682813 0.667969 0.028125 0.032813
1 0.644531 0.702344 0.020313 0.020313
1 0.660937 0.728906 0.018750 0.023438
1 0.635156 0.359375 0.048438 0.050000
1 0.764844 0.255469 0.060937 0.060937
1 0.516406 0.402344 0.020313 0.020313