1 0.492188 0.701562 0.053125 0.053125
1 0.707031 0.450781 0.026562 0.026562
1 0.413281 0.763281 0.039062 0.039062
1 0.525781 0.624219 0.026562 0.026562
1 0.808594 0.671094 0.023438 0.023438
1 0.653125 0.728125 0.012500 0.012500
1 0.744531 0.771094 0.014063 0.014063
2 0.397656 0.258594 0.217188 0.164062
1 0.712500 0.749219 0.018750 0.020313
1 0.752344 0.735938 0.017188 0.028125
1 0.489844 0.731250 0.017188 0.015625
1 0.640625 0.346875 0.025000 0.025000
1 0.697656 0.274219 0.029687 0.032813
1 0.755469 0.346875 0.020313 0.025000
1 0.790625 0.554688 0.018750 0.018750
1 0.525000 0.511719 0.021875 0.023438
1 0.542188 0.325000 0.015625 0.012500
1 0.614062 0.221875 0.021875 0.021875
1 0.650000 0.190625 0.012500 0.012500
1 0.790625 0.815625 0.015625 0.015625
1 0.781250 0.436719 0.025000 0.026562
1 0.790625 0.459375 0.015625 0.015625
1 0.598437 0.564844 0.018750 0.023438
1 0.602344 0.708594 0.023438 0.023438