1 0.245312 0.578125 0.021875 0.021875
1 0.246875 0.526563 0.012500 0.012500
1 0.682031 0.594531 0.017188 0.017188
1 0.549219 0.350781 0.017188 0.017188
1 0.586719 0.298438 0.010937 0.012500
1 0.671875 0.470313 0.012500 0.012500
1 0.578125 0.316406 0.012500 0.010937
1 0.655469 0.642969 0.010937 0.010937
1 0.538281 0.241406 0.010937 0.010937
1 0.532813 0.529687 0.009375 0.009375
1 0.571094 0.715625 0.014063 0.012500
1 0.716406 0.683594 0.010937 0.010937
1 0.324219 0.652344 0.010937 0.010937
1 0.693750 0.335938 0.009375 0.009375
1 0.754687 0.479687 0.009375 0.009375
1 0.664062 0.769531 0.009375 0.010937
1 0.396094 0.667969 0.010937 0.010937
1 0.563281 0.203906 0.010937 0.010937
1 0.397656 0.184375 0.010937 0.009375
1 0.739062 0.385937 0.009375 0.009375
1 0.752344 0.362500 0.010937 0.009375
1 0.651563 0.498437 0.009375 0.009375
1 0.679688 0.734375 0.009375 0.009375
1 0.629687 0.507812 0.009375 0.009375
1 0.213281 0.252344 0.020313 0.020313
2 0.367188 0.673438 0.250000 0.256250