0 0.435937 0.346094 0.350000 0.339062
2 0.564063 0.775000 0.265625 0.096875
1 0.370312 0.536719 0.050000 0.048438
1 0.303906 0.563281 0.085938 0.132812
1 0.314063 0.198437 0.015625 0.015625
1 0.400781 0.327344 0.014063 0.014063
1 0.691406 0.711719 0.023438 0.023438
1 0.267969 0.759375 0.010937 0.021875
1 0.721875 0.566406 0.034375 0.048438
1 0.604688 0.413281 0.025000 0.029687
1 0.594531 0.428125 0.023438 0.021875
1 0.638281 0.237500 0.017188 0.018750
1 0.679688 0.225781 0.018750 0.020313
1 0.624219 0.426563 0.029687 0.028125
1 0.426563 0.586719 0.012500 0.014063
1 0.422656 0.610938 0.014063 0.015625
1 0.434375 0.608594 0.012500 0.014063
1 0.440625 0.597656 0.012500 0.010937
1 0.627344 0.749219 0.014063 0.017188