2 0.535156 0.546094 0.104688 0.104688
2 0.570312 0.344531 0.253125 0.276562
1 0.521875 0.770312 0.025000 0.025000
1 0.454688 0.617188 0.025000 0.025000
1 0.633594 0.567969 0.017188 0.017188
1 0.296094 0.572656 0.020313 0.023438
1 0.264844 0.584375 0.017188 0.018750
1 0.485156 0.258594 0.026562 0.029687
1 0.407031 0.364063 0.010937 0.012500
1 0.401562 0.307031 0.012500 0.010937
1 0.308594 0.335156 0.017188 0.017188
1 0.355469 0.201563 0.017188 0.018750
1 0.287500 0.180469 0.012500 0.007812
1 0.570312 0.726562 0.021875 0.018750
1 0.403125 0.789844 0.015625 0.017188
1 0.623437 0.794531 0.012500 0.014063
1 0.260156 0.389062 0.010937 0.009375
1 0.287500 0.785156 0.012500 0.010937