2 0.226562 0.545312 0.100000 0.340625
1 0.642969 0.573438 0.054688 0.059375
1 0.666406 0.300781 0.032813 0.032813
1 0.729688 0.293750 0.031250 0.031250
1 0.667969 0.716406 0.032813 0.039062
1 0.447656 0.575781 0.023438 0.023438
1 0.283594 0.583594 0.020313 0.020313
1 0.217969 0.218750 0.029687 0.028125
1 0.214844 0.241406 0.014063 0.014063
1 0.310156 0.565625 0.017188 0.018750
1 0.649219 0.653125 0.017188 0.018750
1 0.643750 0.616406 0.028125 0.026562
1 0.807813 0.785937 0.031250 0.056250
1 0.635156 0.728906 0.032813 0.035937
1 0.711719 0.752344 0.026562 0.026562
1 0.200781 0.564063 0.014063 0.012500
1 0.597656 0.553125 0.026562 0.028125
1 0.589063 0.578125 0.015625 0.015625
1 0.650781 0.246094 0.010937 0.010937
1 0.729688 0.199219 0.018750 0.017188
1 0.609375 0.674219 0.018750 0.020313
1 0.611719 0.796094 0.017188 0.017188
1 0.732031 0.732031 0.017188 0.017188
1 0.675000 0.665625 0.015625 0.015625
1 0.736719 0.685156 0.014063 0.014063
1 0.373437 0.316406 0.015625 0.014063
