0 0.867969 0.403125 0.264062 0.587500
1 0.716406 0.721094 0.042188 0.045312
1 0.559375 0.066406 0.034375 0.032813
2 0.279687 0.886719 0.121875 0.126562
1 0.637500 0.977344 0.040625 0.042188
2 0.142187 0.463281 0.253125 0.245312
1 0.147656 0.590625 0.035937 0.037500
1 0.294531 0.499219 0.039062 0.035937
1 0.437500 0.517969 0.034375 0.035937
1 0.519531 0.464844 0.035937 0.039062
1 0.534375 0.344531 0.031250 0.032813
1 0.500000 0.284375 0.046875 0.037500
1 0.449219 0.307031 0.039062 0.032813
1 0.379688 0.392969 0.040625 0.032813
1 0.330469 0.267188 0.035937 0.034375
1 0.567969 0.139063 0.048438 0.050000
1 0.594531 0.872656 0.029687 0.032813
1 0.885938 0.967187 0.040625 0.037500
1 0.786719 0.968750 0.057813 0.056250
1 0.508594 0.881250 0.029687 0.028125
1 0.446094 0.898438 0.042188 0.040625
1 0.335156 0.970313 0.029687 0.031250
1 0.214844 0.749219 0.045312 0.039062
1 0.299219 0.675781 0.042188 0.039062
1 0.410938 0.728906 0.059375 0.060937
1 0.358594 0.781250 0.045312 0.059375
1 0.251563 0.650000 0.037500 0.028125
1 0.614844 0.401562 0.029687 0.034375
1 0.724219 0.797656 0.026562 0.029687
1 0.764844 0.761719 0.026562 0.026562
1 0.624219 0.702344 0.023438 0.026562
1 0.146094 0.957031 0.039062 0.035937
1 0.331250 0.069531 0.034375 0.032813
1 0.187500 0.123438 0.025000 0.021875
1 0.399219 0.216406 0.026562 0.020313
1 0.311719 0.210938 0.023438 0.028125
1 0.563281 0.957031 0.032813 0.029687