2 0.271875 0.750781 0.143750 0.148438
2 0.884375 0.517969 0.146875 0.139063
1 0.295312 0.262500 0.040625 0.050000
1 0.139063 0.858594 0.053125 0.054688
1 0.743750 0.317188 0.040625 0.043750
1 0.321094 0.432812 0.048438 0.056250
1 0.397656 0.167187 0.032813 0.034375
1 0.182031 0.518750 0.048438 0.059375
1 0.980469 0.320312 0.039062 0.071875
1 0.626563 0.060937 0.046875 0.050000
1 0.935937 0.142969 0.037500 0.045312
1 0.489063 0.501563 0.028125 0.034375
1 0.125000 0.380469 0.025000 0.026562
2 0.065625 0.637500 0.128125 0.146875
1 0.054688 0.975781 0.043750 0.035937
1 0.171875 0.256250 0.034375 0.034375
1 0.078906 0.185938 0.042188 0.043750
1 0.740625 0.141406 0.037500 0.029687
1 0.706250 0.709375 0.031250 0.031250
1 0.908594 0.616406 0.020313 0.026562
1 0.607812 0.361719 0.025000 0.026562
1 0.404687 0.420312 0.021875 0.021875
1 0.699219 0.611719 0.026562 0.029687
1 0.129688 0.400000 0.021875 0.025000
1 0.108594 0.533594 0.023438 0.026562
1 0.100000 0.396094 0.015625 0.017188
1 0.019531 0.440625 0.020313 0.021875
1 0.159375 0.413281 0.028125 0.023438
1 0.175781 0.401562 0.023438 0.025000
1 0.186719 0.417187 0.023438 0.025000