2 0.366406 0.435937 0.167187 0.165625
1 0.629687 0.751563 0.031250 0.031250
1 0.536719 0.716406 0.029687 0.032813
1 0.287500 0.806250 0.018750 0.015625
1 0.617969 0.448437 0.014063 0.015625
1 0.535156 0.305469 0.017188 0.017188
1 0.558594 0.353906 0.039062 0.039062
1 0.475781 0.688281 0.029687 0.029687
1 0.448437 0.696094 0.015625 0.014063
1 0.363281 0.568750 0.010937 0.012500
1 0.434375 0.501563 0.015625 0.018750
1 0.321094 0.496094 0.014063 0.017188
1 0.628125 0.294531 0.028125 0.035937
1 0.559375 0.797656 0.018750 0.023438
1 0.527344 0.184375 0.029687 0.015625
1 0.258594 0.796875 0.017188 0.015625
1 0.591406 0.647656 0.042188 0.054688
1 0.669531 0.694531 0.010937 0.014063
1 0.282031 0.449219 0.014063 0.014063
1 0.303906 0.507031 0.017188 0.017188
1 0.280469 0.482031 0.010937 0.010937
1 0.246094 0.652344 0.014063 0.014063
1 0.396094 0.528125 0.014063 0.015625
1 0.250781 0.736719 0.014063 0.014063
1 0.355469 0.692187 0.014063 0.012500