1 0.779687 0.120313 0.087500 0.096875
1 0.538281 0.956250 0.076563 0.071875
1 0.084375 0.762500 0.025000 0.028125
1 0.439844 0.721875 0.026562 0.028125
2 0.825000 0.340625 0.193750 0.209375
1 0.778906 0.532031 0.020313 0.023438
1 0.710938 0.820312 0.028125 0.028125
1 0.767969 0.914844 0.048438 0.048438
1 0.698438 0.911719 0.025000 0.039062
1 0.618750 0.857812 0.018750 0.018750
1 0.032813 0.918750 0.043750 0.034375
1 0.305469 0.048438 0.020313 0.025000
1 0.657031 0.097656 0.026562 0.026562
1 0.513281 0.018750 0.026562 0.025000
1 0.646875 0.672656 0.018750 0.020313
1 0.667969 0.645312 0.017188 0.018750
1 0.506250 0.984375 0.031250 0.031250
1 0.482031 0.695312 0.014063 0.015625
1 0.329688 0.051562 0.015625 0.015625