1 0.082812 0.832812 0.100000 0.093750
1 0.562500 0.951562 0.068750 0.075000
1 0.037500 0.067969 0.071875 0.098437
1 0.404687 0.364063 0.050000 0.056250
1 0.192188 0.396875 0.075000 0.081250
1 0.471875 0.696875 0.040625 0.046875
1 0.082031 0.726562 0.029687 0.031250
1 0.116406 0.717187 0.023438 0.028125
1 0.014063 0.722656 0.025000 0.039062
1 0.070312 0.383594 0.040625 0.032813
1 0.339844 0.426563 0.026562 0.034375
0 0.689063 0.587500 0.621875 0.800000
1 0.699219 0.029687 0.035937 0.028125
1 0.910156 0.086719 0.020313 0.023438
1 0.148438 0.801562 0.034375 0.034375
1 0.903125 0.105469 0.018750 0.020313