2 0.347656 0.591406 0.270313 0.279687
1 0.773438 0.366406 0.037500 0.045312
1 0.157031 0.297656 0.054688 0.057813
1 0.228906 0.948438 0.092188 0.103125
1 0.217188 0.626563 0.046875 0.050000
1 0.181250 0.514062 0.081250 0.087500
2 0.259375 0.397656 0.303125 0.285938
1 0.490625 0.425781 0.065625 0.054688
1 0.494531 0.464844 0.064062 0.042188
1 0.835156 0.036719 0.098437 0.070312
1 0.042188 0.335156 0.018750 0.017188
1 0.054688 0.466406 0.031250 0.029687
1 0.763281 0.646094 0.035937 0.032813
1 0.753125 0.797656 0.028125 0.026562