0 0.500781 0.671094 0.998437 0.657813
1 0.709375 0.413281 0.031250 0.035937
1 0.132812 0.317969 0.040625 0.035937
1 0.269531 0.168750 0.020313 0.021875
1 0.324219 0.244531 0.023438 0.020313
1 0.726562 0.453125 0.031250 0.031250
1 0.953125 0.361719 0.025000 0.026562
1 0.909375 0.205469 0.037500 0.035937
1 0.878906 0.263281 0.035937 0.035937
1 0.812500 0.303906 0.015625 0.014063
1 0.733594 0.093750 0.032813 0.034375
1 0.056250 0.138281 0.025000 0.023438
1 0.012500 0.177344 0.021875 0.020313
1 0.964844 0.718750 0.026562 0.025000
1 0.596094 0.333594 0.023438 0.023438