1 0.320312 0.400000 0.046875 0.046875
1 0.571875 0.669531 0.028125 0.029687
1 0.501563 0.630469 0.028125 0.029687
1 0.496875 0.309375 0.031250 0.031250
1 0.512500 0.675000 0.028125 0.028125
1 0.369531 0.688281 0.020313 0.020313
1 0.568750 0.770312 0.021875 0.021875
0 0.588281 0.468750 0.348438 0.378125
1 0.255469 0.332813 0.020313 0.021875
1 0.365625 0.217969 0.018750 0.020313
1 0.561719 0.274219 0.026562 0.023438
1 0.602344 0.272656 0.026562 0.023438
1 0.535937 0.196094 0.031250 0.029687
1 0.727344 0.307031 0.023438 0.026562
1 0.303125 0.230469 0.021875 0.023438
1 0.397656 0.314063 0.014063 0.015625
1 0.324219 0.271875 0.010937 0.012500
1 0.325000 0.197656 0.012500 0.014063
1 0.624219 0.180469 0.014063 0.007812
1 0.652344 0.238281 0.014063 0.014063
1 0.527344 0.263281 0.023438 0.020313
1 0.768750 0.746875 0.031250 0.059375