1 0.341406 0.703906 0.032813 0.035937
2 0.553906 0.482031 0.320312 0.376563
1 0.400000 0.784375 0.087500 0.078125
1 0.571875 0.799219 0.075000 0.048438
1 0.409375 0.747656 0.021875 0.020313
1 0.407813 0.715625 0.025000 0.025000
1 0.262500 0.520312 0.034375 0.034375
1 0.378906 0.386719 0.070312 0.085938
1 0.552344 0.747656 0.064062 0.060937
1 0.748437 0.319531 0.040625 0.045312
1 0.253125 0.800781 0.015625 0.014063
1 0.279687 0.694531 0.015625 0.014063
1 0.430469 0.388281 0.023438 0.026562
1 0.535937 0.456250 0.015625 0.015625
1 0.652344 0.314063 0.029687 0.031250
1 0.520312 0.217188 0.025000 0.025000
1 0.578906 0.519531 0.014063 0.014063
1 0.571094 0.478125 0.017188 0.015625