2 0.310937 0.589063 0.156250 0.156250
1 0.213281 0.577344 0.020313 0.020313
1 0.264062 0.489063 0.015625 0.015625
1 0.698438 0.232813 0.015625 0.015625
1 0.197656 0.382812 0.014063 0.015625
1 0.784375 0.315625 0.012500 0.012500
1 0.253125 0.450000 0.012500 0.012500
1 0.305469 0.460156 0.010937 0.010937
1 0.206250 0.739062 0.021875 0.021875
1 0.297656 0.420312 0.017188 0.018750
1 0.278125 0.464062 0.018750 0.018750
1 0.238281 0.464062 0.010937 0.012500
1 0.283594 0.400781 0.014063 0.014063
1 0.275781 0.450000 0.020313 0.018750
1 0.292969 0.441406 0.010937 0.010937
1 0.242188 0.307031 0.012500 0.014063
1 0.235156 0.229687 0.014063 0.015625
1 0.238281 0.355469 0.010937 0.010937
1 0.375781 0.277344 0.010937 0.010937
1 0.318750 0.239063 0.009375 0.009375
1 0.335156 0.342969 0.010937 0.010937
1 0.334375 0.353906 0.012500 0.010937
1 0.248438 0.474219 0.012500 0.010937
1 0.594531 0.724219 0.014063 0.014063
1 0.564844 0.677344 0.010937 0.010937
1 0.779687 0.760938 0.012500 0.012500
1 0.807813 0.712500 0.009375 0.021875
1 0.679688 0.525000 0.015625 0.012500
1 0.566406 0.368750 0.010937 0.012500
1 0.646094 0.230469 0.014063 0.014063
1 0.765625 0.489844 0.015625 0.014063
1 0.793750 0.541406 0.009375 0.010937
1 0.704688 0.500000 0.012500 0.012500
1 0.785156 0.657813 0.010937 0.012500
1 0.757031 0.516406 0.014063 0.010937