1 0.607812 0.579688 0.025000 0.025000
1 0.559375 0.389844 0.031250 0.032813
1 0.610156 0.555469 0.026562 0.026562
0 0.471875 0.696094 0.365625 0.254688
1 0.484375 0.256250 0.025000 0.025000
1 0.573438 0.278906 0.028125 0.029687
1 0.578906 0.258594 0.017188 0.017188
1 0.739844 0.185938 0.020313 0.018750
1 0.583594 0.193750 0.014063 0.015625
1 0.572656 0.790625 0.017188 0.015625
1 0.467187 0.800000 0.018750 0.018750
1 0.389844 0.720313 0.017188 0.018750
1 0.252344 0.683594 0.017188 0.017188
1 0.225781 0.746094 0.017188 0.017188
1 0.606250 0.468750 0.015625 0.018750
1 0.626563 0.528125 0.015625 0.015625
1 0.643750 0.528125 0.015625 0.015625
1 0.437500 0.428125 0.015625 0.015625
1 0.510156 0.473438 0.017188 0.015625
1 0.318750 0.429688 0.021875 0.021875
1 0.410156 0.364844 0.020313 0.020313
1 0.488281 0.328906 0.017188 0.017188
1 0.667188 0.335938 0.015625 0.015625
1 0.722656 0.368750 0.010937 0.012500
1 0.533594 0.273438 0.017188 0.018750
1 0.339844 0.474219 0.014063 0.014063
1 0.446875 0.503906 0.012500 0.014063
1 0.376563 0.512500 0.012500 0.012500
1 0.396094 0.439844 0.010937 0.010937
1 0.664062 0.460938 0.012500 0.012500
1 0.685937 0.431250 0.012500 0.012500
1 0.605469 0.425781 0.014063 0.014063
1 0.790625 0.678906 0.015625 0.017188
1 0.781250 0.478125 0.018750 0.021875
1 0.421875 0.471875 0.012500 0.015625
1 0.440625 0.464062 0.015625 0.015625
