0 0.387500 0.486719 0.375000 0.392188
1 0.377344 0.703125 0.067187 0.065625
2 0.450781 0.510156 0.167187 0.173437
1 0.372656 0.637500 0.073438 0.071875
1 0.456250 0.641406 0.081250 0.076563
1 0.699219 0.625781 0.029687 0.029687
1 0.700781 0.607812 0.014063 0.015625
1 0.667969 0.371094 0.014063 0.014063
1 0.640625 0.395313 0.012500 0.012500
1 0.754687 0.387500 0.031250 0.031250
1 0.779687 0.480469 0.028125 0.029687
1 0.561719 0.600781 0.035937 0.035937
1 0.501563 0.222656 0.031250 0.029687
1 0.485938 0.196875 0.015625 0.015625
1 0.492969 0.314063 0.017188 0.018750
1 0.726562 0.246094 0.018750 0.020313
1 0.703125 0.259375 0.018750 0.018750
1 0.790625 0.276562 0.018750 0.021875
1 0.567969 0.544531 0.010937 0.010937
1 0.557813 0.540625 0.009375 0.009375
1 0.667969 0.707031 0.010937 0.010937
1 0.671094 0.719531 0.010937 0.010937
1 0.651563 0.703125 0.012500 0.012500
