2 0.362500 0.292969 0.137500 0.139063
1 0.346094 0.421875 0.085938 0.087500
1 0.489063 0.406250 0.031250 0.031250
1 0.560156 0.435937 0.032813 0.034375
1 0.576562 0.742188 0.031250 0.031250
1 0.395313 0.353906 0.025000 0.023438
1 0.517188 0.621094 0.037500 0.035937
1 0.642188 0.551562 0.028125 0.028125
1 0.671875 0.525000 0.028125 0.028125
1 0.686719 0.750781 0.026562 0.026562
1 0.579688 0.626563 0.025000 0.025000
1 0.297656 0.445312 0.017188 0.018750
1 0.359375 0.750000 0.028125 0.028125
1 0.575781 0.587500 0.026562 0.028125
1 0.320312 0.742969 0.025000 0.023438
1 0.286719 0.250781 0.014063 0.014063
1 0.595313 0.487500 0.025000 0.025000
1 0.543750 0.681250 0.028125 0.028125
1 0.394531 0.746875 0.026562 0.028125
1 0.439063 0.470313 0.021875 0.021875
1 0.551562 0.807031 0.028125 0.026562
2 0.389062 0.712500 0.221875 0.221875
2 0.691406 0.435156 0.064062 0.154688
1 0.556250 0.373437 0.028125 0.025000
1 0.540625 0.320312 0.028125 0.028125
1 0.531250 0.320312 0.012500 0.012500
1 0.567187 0.303906 0.021875 0.020313
1 0.307031 0.282813 0.014063 0.015625
1 0.400781 0.424219 0.020313 0.020313
1 0.624219 0.420312 0.017188 0.018750
1 0.714063 0.187500 0.025000 0.021875
1 0.431250 0.304688 0.012500 0.012500
1 0.439844 0.327344 0.014063 0.014063
1 0.429688 0.267969 0.012500 0.014063
1 0.352344 0.326562 0.010937 0.012500
1 0.507812 0.313281 0.012500 0.014063
1 0.663281 0.431250 0.010937 0.012500
1 0.307812 0.495312 0.012500 0.012500
1 0.517969 0.282031 0.010937 0.014063
1 0.593750 0.253906 0.009375 0.010937
