2 0.556250 0.445312 0.159375 0.162500
1 0.366406 0.633594 0.042188 0.042188
1 0.481250 0.559375 0.031250 0.031250
1 0.582031 0.578906 0.026562 0.026562
1 0.652344 0.588281 0.026562 0.026562
1 0.396875 0.271094 0.018750 0.020313
1 0.528125 0.182812 0.025000 0.015625
1 0.344531 0.409375 0.020313 0.065625
1 0.551562 0.192969 0.025000 0.020313
1 0.472656 0.528125 0.020313 0.021875
1 0.597656 0.769531 0.020313 0.023438
1 0.585156 0.761719 0.014063 0.014063
1 0.606250 0.617969 0.018750 0.017188
1 0.417969 0.568750 0.014063 0.012500
1 0.399219 0.182031 0.017188 0.010937
1 0.382812 0.406250 0.018750 0.018750
1 0.517188 0.675000 0.018750 0.018750
1 0.514062 0.792188 0.021875 0.021875
1 0.427344 0.805469 0.017188 0.017188
1 0.346094 0.803906 0.017188 0.017188
1 0.485938 0.778125 0.018750 0.018750
1 0.423438 0.731250 0.015625 0.015625
1 0.608594 0.741406 0.014063 0.014063
1 0.625000 0.761719 0.015625 0.014063
1 0.616406 0.779687 0.014063 0.012500
1 0.467969 0.672656 0.010937 0.010937
1 0.339062 0.700000 0.012500 0.009375
1 0.374219 0.757031 0.014063 0.014063
1 0.366406 0.723437 0.017188 0.015625
1 0.358594 0.331250 0.014063 0.012500
1 0.370312 0.356250 0.015625 0.012500
1 0.368750 0.377344 0.012500 0.010937
1 0.620313 0.300000 0.015625 0.015625
1 0.542969 0.299219 0.014063 0.014063
1 0.440625 0.339844 0.009375 0.007812
1 0.443750 0.425000 0.012500 0.012500
1 0.440625 0.436719 0.015625 0.014063
1 0.368750 0.542969 0.012500 0.010937
1 0.611719 0.642969 0.014063 0.010937
1 0.525781 0.639062 0.007812 0.006250
1 0.502344 0.233594 0.017188 0.017188
1 0.436719 0.239063 0.017188 0.015625
1 0.392188 0.210938 0.012500 0.012500
1 0.369531 0.236719 0.014063 0.014063
1 0.341406 0.288281 0.010937 0.010937
1 0.467187 0.336719 0.015625 0.014063
1 0.428125 0.346875 0.015625 0.015625
1 0.657031 0.402344 0.014063 0.020313
1 0.599219 0.535156 0.017188 0.017188
1 0.620313 0.526563 0.018750 0.015625