2 0.465625 0.648438 0.362500 0.346875
1 0.582812 0.199219 0.037500 0.035937
1 0.415625 0.185938 0.031250 0.018750
1 0.625781 0.208594 0.023438 0.023438
1 0.682031 0.252344 0.017188 0.017188
1 0.671094 0.269531 0.010937 0.010937
1 0.713281 0.297656 0.014063 0.014063
1 0.724219 0.293750 0.014063 0.015625
1 0.590625 0.332813 0.018750 0.018750
1 0.278125 0.281250 0.059375 0.065625
1 0.287500 0.594531 0.015625 0.014063
1 0.284375 0.616406 0.015625 0.017188
1 0.313281 0.700000 0.023438 0.021875
1 0.726562 0.804688 0.037500 0.037500
1 0.632812 0.809375 0.025000 0.025000
1 0.671875 0.819531 0.021875 0.010937
1 0.661719 0.725000 0.017188 0.015625
1 0.736719 0.707812 0.010937 0.015625
1 0.699219 0.757031 0.014063 0.014063
1 0.667969 0.739062 0.010937 0.009375
1 0.713281 0.575781 0.010937 0.010937
1 0.632031 0.495312 0.010937 0.009375
1 0.440625 0.270313 0.015625 0.015625
1 0.456250 0.273438 0.012500 0.012500
1 0.288281 0.187500 0.035937 0.021875
1 0.336719 0.199219 0.010937 0.010937
1 0.326562 0.310156 0.015625 0.014063
1 0.673438 0.337500 0.009375 0.009375
1 0.484375 0.198437 0.015625 0.015625
1 0.493750 0.217188 0.012500 0.012500
1 0.440625 0.223438 0.015625 0.015625
1 0.678906 0.805469 0.017188 0.017188
1 0.689063 0.794531 0.009375 0.010937
1 0.643750 0.725781 0.012500 0.010937
1 0.425000 0.268750 0.012500 0.012500
1 0.465625 0.326562 0.012500 0.012500
1 0.399219 0.294531 0.007812 0.007812
1 0.357031 0.339844 0.010937 0.010937
1 0.338281 0.377344 0.010937 0.010937
1 0.704688 0.467969 0.012500 0.010937
1 0.253125 0.310156 0.009375 0.020313