2 0.474219 0.283594 0.195312 0.195312
0 0.494531 0.578906 0.514062 0.485938
1 0.602344 0.239063 0.010937 0.012500
1 0.737500 0.439844 0.021875 0.023438
1 0.767188 0.669531 0.068750 0.064062
1 0.764062 0.803125 0.040625 0.040625
1 0.497656 0.560937 0.029687 0.028125
1 0.481250 0.577344 0.018750 0.020313
1 0.717969 0.734375 0.023438 0.025000
1 0.360156 0.489063 0.017188 0.018750
1 0.385156 0.310937 0.017188 0.021875
1 0.366406 0.442188 0.020313 0.021875
1 0.660156 0.584375 0.014063 0.015625
1 0.800000 0.597656 0.012500 0.014063
1 0.550781 0.812500 0.032813 0.021875
1 0.574219 0.798438 0.035937 0.031250
1 0.489063 0.799219 0.015625 0.014063
1 0.235156 0.414062 0.017188 0.018750
1 0.257812 0.367969 0.015625 0.017188
1 0.319531 0.446094 0.017188 0.017188
1 0.357812 0.342969 0.012500 0.014063
1 0.375781 0.363281 0.014063 0.014063
1 0.402344 0.496875 0.017188 0.015625
1 0.693750 0.383594 0.096875 0.092188
1 0.714844 0.335156 0.060937 0.060937