1 0.191406 0.387500 0.029687 0.050000
2 0.677344 0.306250 0.145313 0.153125
2 0.738281 0.695312 0.173437 0.187500
1 0.625781 0.717187 0.035937 0.037500
1 0.434375 0.756250 0.021875 0.021875
1 0.472656 0.726562 0.017188 0.018750
1 0.523438 0.728906 0.015625 0.017188
1 0.294531 0.746094 0.020313 0.020313
1 0.185938 0.793750 0.015625 0.018750
1 0.268750 0.678125 0.018750 0.018750
1 0.246875 0.709375 0.012500 0.015625
1 0.271875 0.697656 0.015625 0.017188
1 0.488281 0.522656 0.020313 0.020313
1 0.661719 0.333594 0.020313 0.020313
1 0.621875 0.467969 0.015625 0.017188
1 0.680469 0.590625 0.014063 0.012500
1 0.637500 0.189844 0.015625 0.014063
1 0.628125 0.184375 0.012500 0.012500
1 0.551562 0.351562 0.037500 0.040625
1 0.548438 0.542188 0.015625 0.015625
1 0.775781 0.503125 0.010937 0.009375
1 0.700781 0.560156 0.010937 0.010937
1 0.664844 0.523438 0.010937 0.009375
1 0.562500 0.464844 0.012500 0.010937
1 0.583594 0.463281 0.010937 0.010937
1 0.576562 0.448437 0.012500 0.015625
1 0.518750 0.231250 0.012500 0.012500
1 0.358594 0.265625 0.014063 0.012500
1 0.337500 0.352344 0.015625 0.014063
1 0.279687 0.331250 0.012500 0.012500
1 0.371875 0.814063 0.012500 0.012500
1 0.575781 0.285156 0.020313 0.023438
1 0.560156 0.288281 0.017188 0.020313
1 0.675781 0.199219 0.014063 0.014063
1 0.685937 0.205469 0.012500 0.010937
1 0.659375 0.264062 0.012500 0.012500
1 0.669531 0.258594 0.010937 0.010937
1 0.727344 0.353906 0.010937 0.010937
1 0.495312 0.543750 0.015625 0.015625
1 0.477344 0.553906 0.010937 0.010937
1 0.265625 0.581250 0.009375 0.009375
1 0.275000 0.531250 0.009375 0.009375
1 0.239844 0.566406 0.010937 0.010937
1 0.253906 0.721094 0.010937 0.010937
1 0.400000 0.372656 0.009375 0.010937
1 0.489844 0.339844 0.010937 0.010937
1 0.452344 0.389062 0.010937 0.012500
