1 0.685156 0.224219 0.035937 0.032813
1 0.658594 0.552344 0.045312 0.045312
1 0.438281 0.313281 0.042188 0.042188
1 0.520312 0.804688 0.050000 0.037500
1 0.391406 0.603125 0.029687 0.028125
1 0.352344 0.736719 0.017188 0.017188
1 0.554688 0.736719 0.031250 0.029687
1 0.520312 0.768750 0.025000 0.025000
1 0.349219 0.696094 0.014063 0.014063
1 0.449219 0.525000 0.026562 0.028125
1 0.560156 0.422656 0.054688 0.064062
2 0.459375 0.553906 0.253125 0.260937
1 0.458594 0.658594 0.017188 0.017188
1 0.327344 0.622656 0.032813 0.042188
1 0.717969 0.395313 0.017188 0.018750
1 0.378906 0.268750 0.014063 0.015625
1 0.727344 0.382031 0.014063 0.017188
1 0.628125 0.267969 0.012500 0.017188
1 0.631250 0.282031 0.012500 0.017188
1 0.621875 0.257031 0.012500 0.010937
1 0.614844 0.441406 0.014063 0.014063
1 0.353906 0.783594 0.023438 0.023438
1 0.368750 0.721875 0.015625 0.012500
1 0.362500 0.730469 0.015625 0.014063
1 0.352344 0.246875 0.029687 0.028125
1 0.516406 0.194531 0.076563 0.035937
1 0.721094 0.363281 0.014063 0.014063
1 0.575781 0.610156 0.017188 0.017188
1 0.563281 0.692969 0.020313 0.020313
1 0.411719 0.284375 0.014063 0.015625
1 0.445312 0.267969 0.012500 0.014063
1 0.599219 0.473438 0.010937 0.012500