1 0.373437 0.265625 0.040625 0.040625
1 0.510938 0.488281 0.034375 0.032813
1 0.562500 0.378125 0.021875 0.021875
1 0.637500 0.489063 0.015625 0.015625
1 0.350000 0.817969 0.012500 0.010937
1 0.355469 0.249219 0.020313 0.020313
1 0.649219 0.202344 0.014063 0.014063
1 0.495312 0.501563 0.015625 0.015625
1 0.330469 0.239844 0.017188 0.017188
1 0.600781 0.317969 0.014063 0.014063
2 0.510938 0.665625 0.337500 0.318750
1 0.408594 0.278906 0.014063 0.023438
1 0.417969 0.289062 0.010937 0.012500
1 0.456250 0.279687 0.015625 0.018750
1 0.474219 0.275000 0.017188 0.018750
1 0.477344 0.239063 0.014063 0.015625
1 0.546094 0.275781 0.014063 0.014063
1 0.422656 0.356250 0.014063 0.015625
1 0.407813 0.408594 0.009375 0.010937
1 0.617188 0.423438 0.012500 0.015625
1 0.627344 0.421094 0.010937 0.017188
1 0.675000 0.454688 0.009375 0.012500
1 0.336719 0.539062 0.010937 0.012500
1 0.329688 0.794531 0.025000 0.035937
1 0.557813 0.670312 0.015625 0.015625
1 0.510938 0.706250 0.012500 0.012500
1 0.508594 0.406250 0.010937 0.012500
1 0.328906 0.414062 0.014063 0.015625
1 0.339844 0.339844 0.010937 0.010937
1 0.654687 0.186719 0.043750 0.023438
1 0.325781 0.726562 0.014063 0.012500
1 0.329688 0.274219 0.012500 0.010937
1 0.362500 0.432031 0.009375 0.010937
1 0.339062 0.461719 0.009375 0.010937