1 0.321875 0.418750 0.056250 0.056250
0 0.583594 0.643750 0.539062 0.487500
1 0.124219 0.579688 0.029687 0.031250
1 0.107813 0.593750 0.018750 0.018750
1 0.209375 0.251563 0.034375 0.034375
1 0.195312 0.210938 0.043750 0.046875
1 0.305469 0.246094 0.023438 0.023438
1 0.260937 0.292187 0.025000 0.025000
1 0.307031 0.343750 0.029687 0.025000
1 0.335156 0.347656 0.014063 0.020313
1 0.489063 0.225781 0.031250 0.032813
1 0.514062 0.207031 0.018750 0.020313
1 0.568750 0.172656 0.021875 0.023438
1 0.626563 0.091406 0.018750 0.020313
1 0.647656 0.083594 0.032813 0.045312
1 0.526563 0.273438 0.034375 0.037500
1 0.546875 0.240625 0.021875 0.025000
1 0.569531 0.372656 0.020313 0.023438
1 0.553125 0.400781 0.018750 0.023438
1 0.521094 0.433594 0.017188 0.017188
1 0.565625 0.877344 0.046875 0.045312
1 0.174219 0.179688 0.017188 0.015625
1 0.048438 0.322656 0.025000 0.023438
1 0.345313 0.075000 0.018750 0.018750
1 0.195312 0.066406 0.018750 0.020313
1 0.193750 0.101562 0.018750 0.018750
1 0.276562 0.703906 0.034375 0.039062