2 0.238281 0.611719 0.104688 0.114062
1 0.023438 0.880469 0.043750 0.054688
1 0.021094 0.138281 0.032813 0.039062
2 0.610156 0.836719 0.154688 0.145313
1 0.155469 0.901563 0.029687 0.037500
2 0.249219 0.199219 0.276562 0.289062
2 0.428125 0.702344 0.137500 0.145313
1 0.210156 0.691406 0.035937 0.035937
1 0.563281 0.500000 0.026562 0.025000
2 0.913281 0.442969 0.104688 0.107813
1 0.900781 0.288281 0.029687 0.029687
1 0.764844 0.240625 0.029687 0.028125
1 0.696875 0.171875 0.028125 0.025000
1 0.540625 0.057031 0.028125 0.026562
1 0.450000 0.103906 0.021875 0.023438
1 0.480469 0.929688 0.035937 0.031250
1 0.858594 0.870313 0.057813 0.050000
1 0.879687 0.905469 0.025000 0.023438
1 0.912500 0.961719 0.025000 0.026562
1 0.977344 0.893750 0.023438 0.025000
1 0.972656 0.805469 0.020313 0.020313
1 0.187500 0.814063 0.025000 0.025000
1 0.982812 0.128906 0.034375 0.039062
1 0.877344 0.017188 0.045312 0.031250
1 0.538281 0.242969 0.039062 0.039062
1 0.352344 0.103906 0.023438 0.023438
1 0.810937 0.178906 0.025000 0.023438
1 0.065625 0.688281 0.025000 0.029687
1 0.111719 0.464844 0.020313 0.020313