1 0.776563 0.836719 0.050000 0.054688
1 0.769531 0.514844 0.051562 0.054688
1 0.152344 0.196875 0.039062 0.040625
1 0.028906 0.060937 0.054688 0.050000
1 0.227344 0.196875 0.042188 0.043750
1 0.260937 0.901563 0.043750 0.050000
1 0.895312 0.892969 0.034375 0.039062
1 0.813281 0.073438 0.042188 0.043750
1 0.233594 0.780469 0.054688 0.057813
2 0.498437 0.418750 0.143750 0.128125
1 0.603906 0.578125 0.045312 0.040625
1 0.695312 0.439844 0.034375 0.035937
1 0.271094 0.775000 0.029687 0.034375
1 0.339844 0.514844 0.039062 0.048438
1 0.403125 0.489844 0.050000 0.048438
1 0.882812 0.651563 0.028125 0.031250
1 0.696875 0.726562 0.031250 0.034375
1 0.513281 0.344531 0.048438 0.042188
1 0.737500 0.892188 0.037500 0.040625
1 0.277344 0.307812 0.029687 0.031250
1 0.967969 0.553906 0.035937 0.035937
1 0.470313 0.205469 0.037500 0.039062
1 0.592187 0.104688 0.025000 0.028125
1 0.656250 0.331250 0.028125 0.031250
1 0.903125 0.241406 0.043750 0.042188
1 0.878906 0.264844 0.020313 0.020313
1 0.926562 0.318750 0.028125 0.028125
1 0.814063 0.432031 0.021875 0.020313
1 0.553906 0.624219 0.032813 0.029687
1 0.578906 0.664062 0.023438 0.025000
1 0.650000 0.667969 0.037500 0.039062
1 0.394531 0.793750 0.029687 0.025000
2 0.099219 0.728125 0.195312 0.259375
1 0.167187 0.640625 0.031250 0.028125
1 0.092188 0.844531 0.037500 0.029687
1 0.032813 0.708594 0.062500 0.110937
1 0.385937 0.275000 0.021875 0.018750
1 0.278906 0.240625 0.023438 0.021875
1 0.524219 0.113281 0.032813 0.029687
1 0.665625 0.539844 0.018750 0.017188
1 0.298438 0.703906 0.021875 0.020313
1 0.365625 0.625781 0.018750 0.017188
1 0.136719 0.574219 0.026562 0.026562
1 0.985156 0.624219 0.026562 0.026562