1 0.061719 0.339062 0.042188 0.050000
1 0.883594 0.292187 0.039062 0.043750
1 0.504687 0.239844 0.040625 0.045312
1 0.750000 0.303906 0.050000 0.048438
2 0.365625 0.506250 0.243750 0.237500
1 0.540625 0.503906 0.025000 0.023438
1 0.685937 0.226562 0.031250 0.031250
1 0.738281 0.224219 0.020313 0.020313
1 0.589063 0.160938 0.021875 0.021875
1 0.171094 0.148438 0.023438 0.021875
1 0.899219 0.515625 0.026562 0.021875
1 0.758594 0.546094 0.020313 0.020313
1 0.866406 0.920312 0.020313 0.018750
1 0.815625 0.260937 0.059375 0.056250
1 0.841406 0.314063 0.035937 0.034375
1 0.861719 0.290625 0.020313 0.018750
1 0.850000 0.337500 0.018750 0.018750
1 0.753125 0.267969 0.025000 0.026562
1 0.771094 0.273438 0.023438 0.034375
1 0.786719 0.271875 0.020313 0.025000
1 0.015625 0.375000 0.015625 0.015625