2 0.778125 0.632812 0.090625 0.218750
1 0.346875 0.418750 0.050000 0.056250
1 0.407031 0.567187 0.026562 0.028125
1 0.403906 0.427344 0.023438 0.023438
1 0.425781 0.255469 0.035937 0.035937
1 0.625000 0.539062 0.015625 0.015625
1 0.531250 0.539062 0.012500 0.012500
1 0.698438 0.797656 0.056250 0.051562
1 0.405469 0.202344 0.020313 0.020313
1 0.316406 0.189844 0.010937 0.010937
1 0.228906 0.246875 0.010937 0.012500
1 0.566406 0.448437 0.023438 0.025000
1 0.311719 0.347656 0.014063 0.014063
1 0.346094 0.789062 0.014063 0.015625
1 0.307812 0.818750 0.015625 0.009375
1 0.564844 0.394531 0.014063 0.014063
1 0.649219 0.243750 0.017188 0.018750
1 0.554688 0.678125 0.012500 0.012500
1 0.425781 0.453906 0.017188 0.017188
1 0.563281 0.353906 0.017188 0.017188
1 0.583594 0.757812 0.010937 0.012500
1 0.414062 0.523438 0.009375 0.009375
1 0.395313 0.620313 0.009375 0.009375
1 0.785156 0.239063 0.029687 0.028125
1 0.800781 0.342187 0.014063 0.018750
1 0.616406 0.456250 0.010937 0.012500
1 0.561719 0.522656 0.010937 0.017188
1 0.439844 0.189844 0.007812 0.007812
1 0.559375 0.267188 0.021875 0.025000
1 0.717187 0.346094 0.015625 0.017188
1 0.182031 0.661719 0.010937 0.010937
1 0.587500 0.680469 0.009375 0.010937
1 0.564844 0.815625 0.010937 0.012500
1 0.236719 0.445312 0.026562 0.028125
1 0.232031 0.425000 0.039062 0.034375