2 0.654687 0.575781 0.340625 0.326562
0 0.380469 0.439844 0.410938 0.529687
1 0.445312 0.648438 0.012500 0.015625
1 0.400000 0.668750 0.053125 0.062500
1 0.189062 0.432031 0.028125 0.045312
1 0.616406 0.427344 0.010937 0.010937
1 0.757812 0.285938 0.012500 0.012500
1 0.528125 0.710156 0.015625 0.017188
1 0.189844 0.196875 0.029687 0.040625
1 0.217969 0.200781 0.029687 0.029687
1 0.243750 0.707812 0.037500 0.043750
1 0.738281 0.257031 0.089063 0.092188
1 0.324219 0.498437 0.029687 0.031250
1 0.775781 0.341406 0.017188 0.020313