1 0.350781 0.342969 0.017188 0.017188
2 0.368750 0.508594 0.203125 0.207813
1 0.676562 0.425781 0.050000 0.051562
1 0.539844 0.598437 0.017188 0.018750
1 0.503125 0.231250 0.012500 0.012500
1 0.275781 0.732812 0.010937 0.012500
1 0.542969 0.525000 0.017188 0.015625
1 0.722656 0.220312 0.020313 0.021875
1 0.351562 0.275000 0.012500 0.012500
1 0.721875 0.289062 0.025000 0.046875
1 0.460938 0.692187 0.021875 0.025000
1 0.411719 0.706250 0.007812 0.009375
1 0.499219 0.597656 0.010937 0.010937
1 0.550781 0.257812 0.010937 0.012500
1 0.571094 0.233594 0.010937 0.010937
1 0.658594 0.479687 0.010937 0.012500
1 0.658594 0.463281 0.010937 0.010937