2 0.474219 0.461719 0.101562 0.148438
1 0.434375 0.713281 0.068750 0.067187
1 0.803906 0.276562 0.029687 0.031250
1 0.492188 0.696094 0.025000 0.023438
2 0.499219 0.293750 0.232813 0.225000
1 0.811719 0.232813 0.014063 0.028125
1 0.634375 0.426563 0.021875 0.021875
1 0.533594 0.382031 0.020313 0.020313
1 0.632812 0.578906 0.018750 0.017188
1 0.192188 0.448437 0.025000 0.053125
1 0.270313 0.676562 0.015625 0.015625
1 0.442969 0.789062 0.023438 0.021875
1 0.303906 0.372656 0.014063 0.014063
1 0.512500 0.784375 0.012500 0.012500
1 0.605469 0.675000 0.023438 0.025000
1 0.542969 0.772656 0.032813 0.032813
1 0.558594 0.656250 0.020313 0.021875
1 0.551562 0.800000 0.015625 0.015625
1 0.532031 0.816406 0.010937 0.010937
1 0.664844 0.646875 0.010937 0.012500
1 0.750781 0.196094 0.020313 0.020313
1 0.744531 0.286719 0.010937 0.010937
1 0.754687 0.314063 0.012500 0.012500
1 0.764844 0.359375 0.010937 0.012500
1 0.774219 0.353125 0.010937 0.012500
1 0.807813 0.514062 0.018750 0.028125
1 0.292969 0.760938 0.014063 0.012500
1 0.335938 0.800781 0.012500 0.010937
1 0.374219 0.762500 0.010937 0.009375
1 0.513281 0.761719 0.010937 0.010937
1 0.571094 0.732031 0.017188 0.017188
1 0.232813 0.406250 0.037500 0.043750