1 0.464062 0.252344 0.050000 0.048438
1 0.657813 0.721875 0.053125 0.053125
1 0.326562 0.274219 0.028125 0.029687
1 0.464844 0.291406 0.048438 0.045312
0 0.495312 0.484375 0.375000 0.387500
1 0.311719 0.186719 0.020313 0.017188
1 0.531250 0.221875 0.021875 0.021875
1 0.358594 0.200781 0.014063 0.014063
1 0.507031 0.266406 0.014063 0.017188
1 0.620313 0.354687 0.015625 0.015625
1 0.688281 0.343750 0.020313 0.031250
1 0.679688 0.246875 0.012500 0.012500
1 0.567969 0.299219 0.010937 0.010937
1 0.564063 0.278125 0.009375 0.009375
1 0.560156 0.753906 0.014063 0.014063
1 0.605469 0.785937 0.014063 0.015625
1 0.336719 0.696875 0.010937 0.012500
1 0.327344 0.739844 0.010937 0.010937
1 0.666406 0.742969 0.007812 0.007812
