2 0.394531 0.596094 0.154688 0.148438
2 0.546094 0.739844 0.151562 0.142187
1 0.749219 0.646875 0.054688 0.056250
1 0.454688 0.210156 0.031250 0.029687
1 0.284375 0.204687 0.025000 0.025000
1 0.653906 0.189844 0.017188 0.017188
1 0.754687 0.247656 0.021875 0.023438
1 0.749219 0.202344 0.014063 0.014063
1 0.633594 0.472656 0.020313 0.020313
1 0.683594 0.480469 0.017188 0.017188
1 0.750781 0.415625 0.020313 0.021875
1 0.698438 0.421094 0.015625 0.014063
1 0.541406 0.454688 0.023438 0.028125
1 0.432031 0.448437 0.020313 0.021875
1 0.504687 0.485156 0.015625 0.014063
1 0.322656 0.517188 0.017188 0.015625
1 0.447656 0.653125 0.026562 0.025000
1 0.681250 0.742188 0.028125 0.028125
1 0.670312 0.758594 0.015625 0.017188
1 0.684375 0.770312 0.015625 0.015625
1 0.662500 0.700781 0.021875 0.020313
1 0.660156 0.639062 0.020313 0.021875
1 0.674219 0.611719 0.020313 0.020313
1 0.269531 0.461719 0.017188 0.017188
1 0.223438 0.484375 0.015625 0.015625
1 0.660937 0.805469 0.018750 0.017188
1 0.657031 0.814844 0.017188 0.014063
1 0.706250 0.806250 0.015625 0.015625
1 0.764062 0.778906 0.015625 0.014063
1 0.744531 0.574219 0.014063 0.017188
1 0.782031 0.415625 0.010937 0.012500
1 0.660156 0.428125 0.017188 0.015625
1 0.693750 0.310156 0.012500 0.010937
1 0.538281 0.328125 0.010937 0.012500
1 0.486719 0.282813 0.010937 0.009375
1 0.294531 0.352344 0.014063 0.014063
1 0.237500 0.375781 0.009375 0.010937
1 0.370312 0.302344 0.021875 0.026562
1 0.746875 0.382031 0.012500 0.014063
1 0.717969 0.656250 0.020313 0.018750
1 0.246875 0.717969 0.012500 0.014063
1 0.285156 0.660156 0.010937 0.010937
1 0.275781 0.571094 0.010937 0.010937
1 0.256250 0.814063 0.009375 0.009375
1 0.251563 0.614844 0.028125 0.023438
1 0.291406 0.497656 0.010937 0.010937
1 0.304688 0.468750 0.009375 0.009375