2 0.582812 0.544531 0.321875 0.354687
2 0.760938 0.650781 0.103125 0.135937
1 0.765625 0.760156 0.046875 0.048438
2 0.300000 0.736719 0.128125 0.114062
1 0.382031 0.791406 0.048438 0.045312
1 0.270313 0.196094 0.028125 0.026562
1 0.329688 0.426563 0.043750 0.040625
1 0.417969 0.470313 0.045312 0.040625
1 0.533594 0.566406 0.042188 0.042188
1 0.541406 0.543750 0.020313 0.021875
1 0.515625 0.591406 0.021875 0.020313
1 0.572656 0.580469 0.023438 0.020313
1 0.339844 0.303125 0.054688 0.043750
1 0.675000 0.775781 0.043750 0.042188
1 0.669531 0.706250 0.023438 0.021875
1 0.632031 0.750000 0.054688 0.053125
1 0.632031 0.727344 0.020313 0.020313
1 0.500781 0.782031 0.014063 0.014063
1 0.737500 0.453125 0.021875 0.018750
1 0.663281 0.256250 0.017188 0.015625
1 0.566406 0.196094 0.014063 0.010937
1 0.383594 0.532031 0.014063 0.014063
1 0.771875 0.578906 0.015625 0.014063
