2 0.496875 0.309375 0.156250 0.159375
1 0.449219 0.671094 0.064062 0.064062
2 0.384375 0.770312 0.175000 0.106250
1 0.570312 0.473438 0.040625 0.040625
1 0.372656 0.490625 0.032813 0.031250
1 0.289062 0.713281 0.050000 0.051562
1 0.781250 0.239063 0.021875 0.021875
1 0.232813 0.696875 0.034375 0.034375
1 0.396094 0.688281 0.014063 0.014063
1 0.730469 0.382031 0.023438 0.023438
1 0.286719 0.789844 0.014063 0.014063
1 0.643750 0.806250 0.009375 0.009375
1 0.348438 0.707812 0.012500 0.012500
1 0.225000 0.559375 0.034375 0.034375
2 0.255469 0.357812 0.104688 0.184375
2 0.689063 0.455469 0.168750 0.182812
1 0.385156 0.646094 0.010937 0.010937
1 0.652344 0.347656 0.035937 0.035937