2 0.456250 0.542188 0.234375 0.234375
1 0.616406 0.792188 0.092188 0.062500
1 0.293750 0.311719 0.025000 0.029687
1 0.618750 0.277344 0.018750 0.023438
1 0.317969 0.511719 0.014063 0.014063
1 0.571094 0.717969 0.026562 0.026562
1 0.650781 0.587500 0.014063 0.015625
1 0.695312 0.770312 0.015625 0.015625
1 0.720313 0.182031 0.018750 0.010937
1 0.268750 0.317188 0.015625 0.028125
1 0.435156 0.361719 0.042188 0.039062
1 0.607812 0.800000 0.031250 0.028125
1 0.704688 0.341406 0.012500 0.014063
1 0.308594 0.366406 0.026562 0.023438
1 0.274219 0.263281 0.023438 0.023438
1 0.286719 0.740625 0.017188 0.015625
1 0.393750 0.671094 0.012500 0.010937
1 0.685156 0.539844 0.010937 0.010937