2 0.578125 0.414844 0.321875 0.317188
1 0.481250 0.611719 0.087500 0.085938
1 0.403125 0.506250 0.021875 0.021875
1 0.328906 0.608594 0.032813 0.032813
1 0.333594 0.542969 0.026562 0.026562
1 0.247656 0.450000 0.026562 0.028125
1 0.226562 0.805469 0.050000 0.035937
1 0.637500 0.813281 0.034375 0.023438
1 0.448437 0.789062 0.015625 0.015625
1 0.524219 0.708594 0.017188 0.017188
1 0.389062 0.650781 0.012500 0.014063
1 0.333594 0.689844 0.014063 0.014063
1 0.275781 0.659375 0.020313 0.021875
1 0.666406 0.585938 0.010937 0.012500
1 0.736719 0.541406 0.010937 0.010937
1 0.494531 0.719531 0.010937 0.010937
1 0.494531 0.813281 0.010937 0.010937
1 0.317188 0.810156 0.015625 0.014063