2 0.500781 0.350000 0.307812 0.303125
1 0.631250 0.585938 0.034375 0.043750
1 0.700000 0.768750 0.021875 0.021875
1 0.686719 0.803125 0.014063 0.015625
1 0.719531 0.766406 0.010937 0.010937
1 0.703125 0.817187 0.012500 0.012500
1 0.740625 0.810937 0.012500 0.012500
1 0.752344 0.708594 0.020313 0.020313
1 0.765625 0.645312 0.012500 0.015625
1 0.689063 0.426563 0.018750 0.018750
1 0.786719 0.433594 0.017188 0.017188
1 0.696094 0.244531 0.020313 0.020313
1 0.670312 0.204687 0.021875 0.021875
1 0.682031 0.267969 0.014063 0.014063
1 0.566406 0.342969 0.010937 0.010937
1 0.183594 0.278906 0.017188 0.032813
1 0.192188 0.309375 0.018750 0.018750
1 0.206250 0.239063 0.015625 0.015625
1 0.320312 0.296875 0.015625 0.015625
1 0.338281 0.299219 0.014063 0.014063
1 0.240625 0.301563 0.012500 0.012500
1 0.220312 0.364844 0.015625 0.014063
1 0.192188 0.354687 0.012500 0.012500
1 0.466406 0.192969 0.017188 0.017188
1 0.270313 0.813281 0.021875 0.020313
1 0.191406 0.791406 0.014063 0.014063
1 0.313281 0.652344 0.017188 0.017188
1 0.300000 0.656250 0.012500 0.012500
1 0.258594 0.688281 0.010937 0.010937
1 0.514062 0.675000 0.015625 0.015625
1 0.518750 0.647656 0.015625 0.014063
1 0.596875 0.690625 0.012500 0.012500
1 0.494531 0.691406 0.010937 0.010937
1 0.575781 0.649219 0.010937 0.010937
1 0.247656 0.216406 0.010937 0.010937
1 0.789062 0.552344 0.034375 0.042188
1 0.730469 0.522656 0.017188 0.017188
1 0.673438 0.613281 0.015625 0.017188
1 0.580469 0.803906 0.014063 0.014063
1 0.806250 0.571094 0.037500 0.057813
1 0.373437 0.540625 0.012500 0.012500
1 0.424219 0.603906 0.010937 0.010937
1 0.721875 0.382031 0.015625 0.017188