1 0.714063 0.871875 0.062500 0.065625
1 0.768750 0.130469 0.043750 0.045312
1 0.695312 0.168750 0.037500 0.037500
2 0.326562 0.539062 0.268750 0.275000
2 0.416406 0.299219 0.123438 0.129688
1 0.414062 0.230469 0.025000 0.020313
1 0.214062 0.054688 0.028125 0.028125
1 0.121094 0.150781 0.035937 0.029687
1 0.098437 0.224219 0.028125 0.026562
1 0.114062 0.257812 0.031250 0.031250
1 0.018750 0.226562 0.034375 0.037500
1 0.020313 0.267188 0.028125 0.025000
2 0.467187 0.864062 0.112500 0.112500
1 0.399219 0.887500 0.029687 0.028125
1 0.642969 0.931250 0.026562 0.028125
1 0.734375 0.914844 0.031250 0.029687
1 0.802344 0.758594 0.029687 0.026562
1 0.857031 0.851562 0.023438 0.025000
1 0.900000 0.101562 0.096875 0.100000
1 0.891406 0.060156 0.020313 0.020313
1 0.839844 0.210938 0.023438 0.021875
1 0.663281 0.251563 0.032813 0.034375
1 0.523438 0.341406 0.028125 0.026562
1 0.156250 0.701562 0.031250 0.031250
1 0.072656 0.596875 0.032813 0.031250
1 0.049219 0.772656 0.029687 0.029687
1 0.242188 0.621875 0.037500 0.040625
1 0.427344 0.624219 0.035937 0.042188
1 0.025000 0.468750 0.046875 0.040625
1 0.046094 0.353125 0.035937 0.034375
1 0.236719 0.178906 0.023438 0.020313
1 0.312500 0.215625 0.021875 0.021875
1 0.189062 0.012500 0.046875 0.021875
1 0.651563 0.611719 0.034375 0.032813
1 0.761719 0.427344 0.026562 0.029687