1 0.091406 0.655469 0.057813 0.067187
1 0.741406 0.869531 0.039062 0.042188
1 0.052344 0.604688 0.054688 0.065625
1 0.661719 0.189844 0.029687 0.035937
1 0.982031 0.922656 0.035937 0.067187
1 0.473438 0.683594 0.034375 0.035937
0 0.392188 0.835938 0.690625 0.328125
1 0.978906 0.876563 0.042188 0.043750
1 0.012500 0.511719 0.021875 0.045312
1 0.296875 0.435937 0.021875 0.018750
1 0.395313 0.253125 0.021875 0.018750
1 0.076563 0.850000 0.028125 0.034375
1 0.118750 0.765625 0.096875 0.078125
1 0.107031 0.700000 0.029687 0.040625
1 0.122656 0.662500 0.014063 0.012500