0 0.579688 0.396875 0.328125 0.350000
2 0.381250 0.342969 0.175000 0.182812
1 0.708594 0.772656 0.020313 0.023438
1 0.757031 0.750781 0.014063 0.020313
1 0.743750 0.658594 0.015625 0.017188
1 0.769531 0.614844 0.017188 0.017188
1 0.746875 0.621875 0.012500 0.012500
1 0.749219 0.518750 0.014063 0.012500
1 0.607031 0.562500 0.014063 0.012500
1 0.538281 0.372656 0.014063 0.014063
1 0.585156 0.229687 0.017188 0.015625
1 0.251563 0.207031 0.018750 0.017188
1 0.321094 0.689063 0.029687 0.031250
1 0.285156 0.596875 0.017188 0.015625
1 0.384375 0.621875 0.012500 0.012500
1 0.349219 0.788281 0.020313 0.020313
1 0.332813 0.783594 0.021875 0.020313
1 0.462500 0.560937 0.012500 0.012500
1 0.339062 0.392188 0.012500 0.012500
1 0.207031 0.441406 0.010937 0.010937
1 0.770312 0.328906 0.015625 0.014063
1 0.778125 0.438281 0.012500 0.010937
1 0.760938 0.411719 0.009375 0.010937
1 0.526563 0.381250 0.009375 0.009375