2 0.601562 0.726562 0.143750 0.150000
1 0.576562 0.205469 0.059375 0.057813
1 0.514062 0.507812 0.056250 0.053125
2 0.490625 0.492188 0.237500 0.262500
1 0.346875 0.304688 0.018750 0.018750
1 0.660156 0.671094 0.020313 0.023438
1 0.688281 0.667969 0.026562 0.023438
1 0.688281 0.685937 0.023438 0.021875
1 0.756250 0.682031 0.021875 0.029687
1 0.504687 0.811719 0.043750 0.023438
1 0.321875 0.634375 0.018750 0.018750
1 0.253906 0.328125 0.017188 0.015625
1 0.339844 0.477344 0.048438 0.060937
1 0.625000 0.544531 0.018750 0.017188
1 0.728125 0.522656 0.012500 0.014063
1 0.617969 0.295312 0.020313 0.018750
1 0.414844 0.260937 0.014063 0.012500
1 0.385156 0.317188 0.010937 0.009375
1 0.380469 0.338281 0.010937 0.010937
1 0.546875 0.242969 0.012500 0.010937
1 0.742969 0.346875 0.017188 0.015625