1 0.502344 0.477344 0.089063 0.089063
1 0.473438 0.309375 0.043750 0.043750
1 0.677344 0.516406 0.026562 0.026562
1 0.313281 0.210156 0.014063 0.014063
1 0.185938 0.584375 0.021875 0.037500
1 0.365625 0.804688 0.021875 0.021875
1 0.441406 0.235156 0.023438 0.023438
1 0.514844 0.232031 0.026562 0.026562
1 0.811719 0.201563 0.017188 0.015625
1 0.505469 0.735156 0.017188 0.017188
1 0.427344 0.360156 0.026562 0.026562
1 0.185938 0.425000 0.018750 0.018750
1 0.385937 0.202344 0.018750 0.017188
0 0.293750 0.521094 0.237500 0.604688
1 0.816406 0.344531 0.014063 0.026562
1 0.250781 0.256250 0.020313 0.021875
1 0.269531 0.213281 0.020313 0.020313
1 0.257812 0.207813 0.015625 0.015625
1 0.393750 0.492969 0.012500 0.014063
