1 0.432031 0.668750 0.023438 0.021875
1 0.469531 0.505469 0.020313 0.020313
1 0.350781 0.502344 0.017188 0.017188
1 0.542188 0.215625 0.012500 0.012500
1 0.578125 0.450000 0.012500 0.012500
1 0.794531 0.353906 0.014063 0.014063
1 0.547656 0.616406 0.014063 0.014063
1 0.545312 0.413281 0.012500 0.010937
1 0.213281 0.694531 0.010937 0.010937
1 0.573438 0.625781 0.009375 0.010937
1 0.555469 0.317969 0.010937 0.010937
1 0.460938 0.767969 0.018750 0.017188
0 0.321094 0.691406 0.289062 0.260937
1 0.203906 0.717969 0.014063 0.014063
1 0.477344 0.800000 0.014063 0.015625
1 0.475000 0.300000 0.012500 0.012500
1 0.610938 0.499219 0.012500 0.014063
1 0.735156 0.643750 0.020313 0.021875
1 0.670312 0.785937 0.012500 0.012500
1 0.807031 0.803906 0.010937 0.010937
1 0.490625 0.547656 0.012500 0.014063
1 0.636719 0.317969 0.017188 0.017188
1 0.700781 0.240625 0.014063 0.015625
1 0.764844 0.240625 0.010937 0.012500
1 0.735156 0.275781 0.010937 0.010937
1 0.750000 0.412500 0.012500 0.012500
1 0.787500 0.404687 0.012500 0.012500
1 0.735156 0.386719 0.010937 0.010937
1 0.400781 0.367188 0.014063 0.012500
1 0.428906 0.396094 0.010937 0.010937
1 0.268750 0.499219 0.015625 0.017188
1 0.303125 0.530469 0.012500 0.014063
1 0.295312 0.544531 0.009375 0.010937
1 0.817969 0.718750 0.014063 0.018750
1 0.310937 0.295312 0.012500 0.012500
1 0.421094 0.500000 0.010937 0.012500
1 0.428906 0.516406 0.010937 0.010937
1 0.567187 0.480469 0.012500 0.014063
1 0.482031 0.405469 0.010937 0.010937
1 0.472656 0.441406 0.010937 0.010937
1 0.592187 0.398438 0.009375 0.009375
1 0.522656 0.410156 0.010937 0.010937
1 0.597656 0.355469 0.007812 0.007812
1 0.182031 0.671094 0.010937 0.010937
1 0.231250 0.643750 0.009375 0.009375
1 0.235156 0.677344 0.007812 0.007812
1 0.228125 0.667188 0.009375 0.009375
1 0.197656 0.760156 0.017188 0.017188
1 0.200781 0.662500 0.010937 0.009375