1 0.286719 0.789062 0.070312 0.068750
1 0.283594 0.410938 0.039062 0.040625
1 0.446875 0.575000 0.021875 0.021875
1 0.813281 0.640625 0.020313 0.018750
0 0.421875 0.500781 0.490625 0.529687
1 0.814063 0.391406 0.018750 0.023438
1 0.762500 0.420312 0.015625 0.015625
1 0.786719 0.532031 0.017188 0.020313
1 0.768750 0.681250 0.012500 0.012500
1 0.759375 0.764062 0.018750 0.021875
1 0.711719 0.739844 0.017188 0.017188
1 0.575000 0.717187 0.015625 0.015625
1 0.437500 0.755469 0.021875 0.026562
1 0.595313 0.239844 0.025000 0.023438
1 0.541406 0.262500 0.026562 0.025000
1 0.414844 0.257031 0.035937 0.032813
1 0.241406 0.306250 0.014063 0.012500
1 0.221875 0.190625 0.012500 0.012500
1 0.637500 0.708594 0.018750 0.020313
1 0.417969 0.678125 0.035937 0.040625
1 0.473438 0.514844 0.028125 0.026562
1 0.310156 0.580469 0.017188 0.017188
1 0.476562 0.457031 0.018750 0.020313
1 0.638281 0.640625 0.014063 0.015625
1 0.667188 0.547656 0.012500 0.014063