1 0.264062 0.319531 0.056250 0.060937
1 0.253906 0.495312 0.032813 0.034375
1 0.252344 0.657031 0.020313 0.023438
1 0.196094 0.639062 0.020313 0.021875
1 0.235156 0.680469 0.017188 0.020313
1 0.342187 0.661719 0.015625 0.017188
1 0.249219 0.776563 0.017188 0.015625
2 0.686719 0.354687 0.248438 0.253125
1 0.732031 0.589844 0.029687 0.029687
1 0.721875 0.658594 0.028125 0.032813
1 0.518750 0.600781 0.018750 0.020313
1 0.589063 0.196094 0.028125 0.026562
1 0.640625 0.191406 0.028125 0.026562
1 0.745313 0.185938 0.025000 0.018750
1 0.300781 0.210156 0.020313 0.017188
1 0.458594 0.267969 0.020313 0.020313
1 0.375000 0.382812 0.018750 0.018750
1 0.270313 0.389844 0.018750 0.020313
1 0.353906 0.425000 0.029687 0.100000