2 0.526563 0.434375 0.331250 0.353125
1 0.642188 0.313281 0.053125 0.051562
1 0.638281 0.249219 0.067187 0.067187
1 0.699219 0.321094 0.026562 0.039062
1 0.403906 0.308594 0.039062 0.039062
1 0.513281 0.614844 0.020313 0.017188
1 0.490625 0.507812 0.021875 0.021875
1 0.522656 0.454688 0.020313 0.018750
1 0.569531 0.544531 0.026562 0.026562
1 0.384375 0.502344 0.028125 0.032813
1 0.389844 0.388281 0.029687 0.029687
1 0.480469 0.421094 0.020313 0.023438
1 0.450781 0.463281 0.014063 0.017188
1 0.303125 0.703906 0.015625 0.017188
1 0.307812 0.688281 0.015625 0.017188
1 0.473438 0.703906 0.021875 0.020313
1 0.579688 0.636719 0.015625 0.017188
1 0.614062 0.628125 0.012500 0.012500
1 0.680469 0.643750 0.017188 0.018750
1 0.674219 0.732031 0.017188 0.017188
1 0.677344 0.718750 0.010937 0.012500
1 0.339844 0.282031 0.017188 0.017188
1 0.538281 0.296094 0.010937 0.010937
2 0.336719 0.391406 0.104688 0.323437
1 0.520312 0.238281 0.021875 0.023438
1 0.663281 0.625781 0.014063 0.014063
1 0.302344 0.614844 0.017188 0.017188
1 0.311719 0.588281 0.023438 0.023438
1 0.396875 0.645312 0.015625 0.015625
1 0.370312 0.620313 0.015625 0.015625
1 0.562500 0.605469 0.015625 0.014063
1 0.625000 0.593750 0.015625 0.015625
1 0.321875 0.227344 0.012500 0.010937
1 0.371094 0.817187 0.026562 0.012500
1 0.520312 0.664844 0.015625 0.014063
1 0.308594 0.738281 0.010937 0.010937