2 0.329688 0.244531 0.125000 0.126562
2 0.510156 0.708594 0.132812 0.132812
1 0.636719 0.418750 0.095312 0.093750
1 0.309375 0.792969 0.059375 0.060937
1 0.747656 0.652344 0.023438 0.026562
1 0.603125 0.795312 0.021875 0.021875
1 0.211719 0.267969 0.026562 0.026562
1 0.698438 0.303906 0.046875 0.045312
1 0.358594 0.377344 0.073438 0.079687
1 0.660937 0.644531 0.034375 0.032813
1 0.743750 0.273438 0.021875 0.021875
1 0.300000 0.405469 0.025000 0.026562
1 0.277344 0.344531 0.026562 0.026562
1 0.193750 0.328906 0.012500 0.010937